2.4
2.5
2.3
2.1
2.4
2.3
2.3
2.4
2.5
2.4
2.3
2.4
2.4
2.3
27.3
2.3
2.4
2.4
2.3
2.3
2.4
2.4
2.3
2.4
2.3
5.0
2.3
25.7
11.8
2.3
42.8
2.8
2.3
2.3
2.3
2.6
6.4
4.7
2.6
2.5
2.3
2.4
2.3
74.7
2.2
2.3
2.3
2.3
1.8
2.3
2.4
2.4
2.4
2.3
2.3
2.8
2.3
2.5
2.5
40.8
2.5
2.3
2.4
2.8
2.3
2.4
2.3
2.2
2.4
2.5
17.2
2.4
2.3
2.3
2.3
2.3
2.3
2.3
2.5
2.3
2.2
4.3
2.3
2.7
2.3
40.1
2.3
2.3
2.3
2.3
0.2
2.3
2.4
2.3
2.3
2.3
2.3
37.8
2.3
2.4
2.4
2.4
38.9
2.4
2.4
2.2
2.3
38.5
2.3
2.3
2.3
2.3
2.2
2.3
2.4
39.6
2.3
2.4
39.2
2.6
40.1
2.3
2.4
2.3
3.1
2.4
39.5
2.8
2.3
2.3
2.3
2.3
2.3
2.3
2.3
2.2
2.3
2.3
2.6
2.4
2.3
2.3
2.3
2.3
2.3
2.3
14.4
2.4
38.0
2.3
2.3
2.3
2.3
2.4
37.8
2.4
2.3
2.3
2.3
2.4
2.4
2.6
2.3
2.3
2.3
2.3
2.4
2.3
2.3
2.3
2.1
2.4
2.3
32.4
2.3
2.3
2.3
2.4
2.3
2.4
2.3
2.3
2.3
2.5
2.3
2.4
2.3
2.4
2.3
2.3
2.3
2.3
2.3
2.3
2.3
0.2
2.1
2.3
0.0
6.3
2.3
2.3
2.2
2.3
2.4
2.5
2.3
2.3
2.3
2.3
2.3
2.2
4.5
2.4
2.3
2.3
2.5
82.7
2.4
2.3
2.3
2.3
2.5
2.3
2.3
2.2
2.4
2.4
3.2
2.4
2.4
12.6
2.7
2.7
2.3
2.3
2.3
2.3
2.3
3.3
2.4
2.3
2.3
2.3
2.3
2.4
2.3
2.4
13.4
2.4
2.3
4.4
2.3
2.3
2.2
2.3
2.3
2.3
2.3
2.3
19.1
2.5
2.4
2.3
5.9
2.2
2.3
2.2
2.2
2.3
2.3
2.3
2.2
2.4
2.3
2.2
6.4
2.2
14.2
2.3
2.3
2.4
2.3
2.2
2.3
8.8
2.2
2.3
2.3
2.3
2.3
2.4
2.4
2.3
2.4
2.3
2.3
2.3
2.4
23.2
2.4
2.2
2.4
2.3
2.3
2.3
2.3
2.3
2.3
2.3
2.3
2.3
2.3
2.3
2.3
2.4
2.3
2.3
37.6
2.6
2.4
2.4
2.3
2.8
2.4
2.3
2.4
2.5
2.3
2.3
4.5
2.4
2.3
2.3
2.3
2.2
2.3
2.3
2.4
2.2
2.3
2.3
3.0
2.5
2.4
2.1
2.2
2.2
2.3
2.2
2.3
2.4
2.2
2.3
39.2
2.3
77.2
2.3
2.3
2.4
2.3
37.8
2.4
2.4
7.1
2.2
2.3
2.3
2.3
2.3
2.3
2.3
2.4
2.3
2.3
8.4
2.3
2.4
2.4
2.4
2.3
3.9
2.4
2.3
2.3
2.3
2.4
2.4
2.4
2.3
2.3
2.4
3.2
2.3
2.3
2.3
2.2
2.3
2.4
2.3
2.3
2.4
2.5
2.2
2.3
2.3
2.3
2.4
2.3
2.4
2.2
2.4
37.7
2.4
2.2
2.7
2.3
2.4
2.3
2.4
2.3
2.4
2.3
31.0
2.3
2.2
2.3
2.3
2.3
2.3
2.3
2.2
2.2
2.4
2.4
2.3
2.4
2.2
2.2
3.1
2.4
40.0
2.3
2.3
34.5
2.3
11.2
2.3
39.0
2.3
2.3
2.3
2.3
2.3
2.4
2.3
2.3
2.3
2.2
2.3
2.4
2.3
2.4
2.4
2.3
17.7
38.8
2.3
2.3
2.4
2.3
2.3
2.3
2.4
2.3
4.8
2.5
2.3
2.2
2.3
2.2
2.3
7.9
2.5
2.2
2.3
4.5
2.3
2.3
7.1
2.4
2.3
2.3
2.3
2.3
15.7
2.4
2.3
16.0
2.3
2.3
2.2
12.3
2.3
2.3
2.3
2.3
2.3
2.3
2.6
4.0
2.4
2.3
2.3
2.3
2.4
2.3
2.3
2.3
34.2
2.3
2.3
7.9
2.3
2.3
2.3
2.3
38.2
2.3
2.3
39.5
2.3
2.3
3.1
2.3
2.3
2.8
2.4
2.3
2.3
2.4
2.8
2.3
2.3
2.7
2.3
2.4
25.7
2.4
2.4
2.4
2.3
2.3
2.3
2.3
2.2
2.4
2.2
2.9
2.3
2.3
2.3
2.3
2.3
2.3
2.3
38.8
2.3
2.2
4.9
2.3
2.3
2.3
2.4
2.4
2.4
2.3
2.3
2.4
2.4
2.4
2.3
2.3
2.9
2.3
2.3
2.3
4.2
2.4
2.3
2.3
2.3
2.3
2.3
2.4
2.3
1.8
2.3
2.3
2.4
2.3
23.9
2.6
2.3
2.3
2.2
2.2
2.3
2.3
2.3
2.3
2.3
2.3
2.3
2.3
2.3
2.2
38.9
2.3
2.2
2.2
27.2
2.3
2.3
2.3
2.3
1.3
2.3
2.3
2.4
2.3
2.3
2.3
2.4
2.3
2.4
2.5
2.4
19.0
2.3
2.4
15.4
10.7
2.4
22.3
2.3
2.3
2.2
2.2
2.3
2.4
2.2
2.3
2.3
47.8
2.5
2.2
2.3
2.2
2.2
2.2
2.3
2.3
2.4
2.3
2.3
2.3
2.3
37.3
2.3
2.2
2.3
2.3
3.2
2.4
2.3
2.3
2.4
26.4
2.3
2.3
2.3
2.3
2.4
2.3
2.3
2.3
2.2
2.6
2.3
2.3
2.5
4.1
2.3
2.3
2.4
2.7
2.3
2.3
2.5
2.3
2.4
2.3
2.3
2.3
2.3
1.9
2.4
2.3
5.2
7.2
39.0
2.4
37.1
2.3
2.3
2.3
10.7
37.0
2.3
2.3
2.4
2.4
13.8
2.4
2.3
2.3
2.2
2.3
2.3
2.3
2.3
2.4
2.3
2.4
2.3
2.3
2.3
2.3
2.3
2.3
2.2
2.2
2.3
41.9
3.2
7.0
20.7
31.8
2.3
2.3
2.2
11.3
2.2
2.2
2.3
2.3
2.3
2.3
2.2
2.7
2.3
2.3
2.3
2.2
37.5
2.4
2.3
2.3
2.3
2.4
2.2
2.3
2.3
2.2
2.3
2.2
2.2
2.3
2.3
2.4
2.3
2.3
2.3
2.3
38.6
2.3
3.4
2.5
2.4
2.5
13.2
2.4
2.5
2.2
2.3
2.4
2.3
2.3
2.3
2.4
2.3
2.3
2.3
2.3
2.2
2.3
2.3
2.3
2.3
2.3
2.3
2.3
2.3
2.3
2.3
3.1
2.3
2.3
2.3
2.2
2.3
2.2
2.3
2.4
2.3
2.3
2.4
2.4
2.4
2.4
2.3
2.4
2.3
2.3
15.6
2.5
2.5
2.2
2.3
2.3
2.3
2.4
2.6
3.8
2.4
2.3
2.3
2.3
2.2
2.4
2.3
2.3
2.3
2.3
2.4
2.3
2.3
3.4
2.2
2.3
2.3
2.2
2.2
2.3
2.3
2.2
2.3
2.3
2.3
2.3
2.3
2.4
3.3
40.7
2.3
2.4
39.4
2.3
2.4
2.3
3.8
2.3
2.4
2.3
2.3
2.2
2.3
2.2
2.2
29.8
3.6
2.3
14.1
2.3
2.4
2.3
2.3
2.4
2.3
2.4
3.8
3.1
2.3
2.3
5.7
2.5
2.2
3.2
2.3
14.2
2.3
2.2
10.0
2.3
2.9
2.4
2.3
2.3
2.3
2.3
2.3
5.6
5.4
2.2
2.3
4.5
2.3
2.3
2.3
2.2
2.4
2.4
5.1
2.4
2.3
2.3
2.2
2.3
2.3
2.3
2.3
2.3
2.3
2.9
2.3
2.7
2.3
2.2
2.3
2.3
2.3
2.4
2.2
38.7
2.3
2.3
3.7
2.2
2.3
2.4
36.9
2.2
2.2
39.1
2.3
5.1
2.2
2.3
2.3
2.3
2.3
2.6
2.3
24.6
6.9
10.0
2.3
2.3
27.7
2.3
2.3
2.3
2.2
2.3
2.3
2.2
2.3
2.3
2.8
2.4
2.4
2.6
8.2
7.3
2.3
2.2
2.3
2.2
2.3
