11.8
12.3
11.3
12.0
12.3
11.7
19.9
12.8
12.4
13.1
16.6
14.2
11.7
11.8
11.9
15.7
12.0
14.3
17.4
12.6
12.4
15.8
12.1
12.0
11.5
20.8
12.1
16.1
11.8
11.8
12.4
12.5
14.8
15.7
14.6
12.2
12.2
25.5
20.2
12.3
12.4
13.5
13.0
13.0
11.7
12.7
12.6
11.9
12.4
12.9
12.4
12.6
13.8
11.8
12.1
12.0
12.4
18.0
14.9
12.0
13.1
12.2
13.8
11.6
13.0
12.6
12.6
13.5
12.0
12.2
15.8
13.4
17.9
13.4
13.1
12.5
12.3
11.8
12.8
14.2
13.0
12.1
11.9
11.9
12.2
16.4
17.0
20.6
15.0
16.7
12.4
11.9
12.3
12.1
12.1
16.9
14.1
13.1
16.9
12.2
12.2
12.1
12.2
15.5
16.0
16.0
12.6
11.4
11.9
12.8
12.2
13.5
12.7
11.5
13.8
11.9
11.5
11.6
12.2
15.7
15.1
15.6
12.2
11.9
14.2
27.5
12.1
12.9
12.4
19.8
12.3
11.6
12.1
12.0
12.1
12.9
12.3
12.6
12.3
12.1
11.9
13.1
20.7
11.8
12.0
12.0
12.0
12.9
19.9
17.0
19.8
12.0
12.0
11.8
11.8
19.0
22.3
12.0
12.0
12.2
12.7
11.9
11.8
16.2
11.7
12.0
12.2
12.2
16.5
14.0
12.1
12.1
18.9
13.4
12.3
12.6
12.1
12.5
13.2
14.6
13.4
12.5
11.6
12.1
12.3
11.6
12.0
13.0
12.4
12.0
12.0
12.0
14.9
13.1
12.4
14.8
12.3
16.0
13.2
12.3
12.5
13.2
12.6
15.8
12.5
11.7
12.1
11.5
11.9
12.4
13.1
19.9
22.1
12.3
11.9
11.7
12.3
12.0
11.9
12.4
12.0
12.0
12.7
12.4
12.2
20.1
11.6
13.2
11.7
11.5
13.4
11.6
12.2
12.3
12.0
12.0
18.9
12.2
12.0
12.2
12.1
11.1
12.1
14.2
12.0
12.2
12.7
11.8
12.3
11.5
11.7
12.1
12.4
12.0
12.2
12.5
11.6
12.6
15.6
12.9
11.9
12.6
12.0
15.7
11.9
14.2
12.5
12.1
12.2
14.6
14.2
12.4
11.9
12.0
12.3
13.5
12.4
12.8
12.4
12.3
12.1
11.9
12.1
12.1
13.0
20.4
29.3
12.2
12.2
11.8
12.1
12.4
12.2
12.5
12.1
12.0
12.9
12.0
11.8
12.2
13.4
20.0
11.8
12.0
12.8
12.1
12.2
11.7
11.4
17.1
12.4
16.1
12.7
13.8
12.2
12.2
12.3
12.3
11.9
12.0
12.7
12.5
12.1
11.8
11.7
12.3
12.3
12.4
14.8
12.2
11.9
11.8
12.0
12.0
12.2
11.4
11.7
11.7
12.6
12.1
12.3
16.6
12.2
12.9
12.8
15.4
12.2
12.0
12.2
13.5
11.9
11.9
14.8
11.4
11.7
12.0
12.2
19.6
12.1
15.8
12.1
13.2
17.7
19.9
12.8
12.5
17.8
11.9
16.0
13.1
13.7
20.5
25.0
11.9
12.3
12.1
12.8
12.2
12.4
11.7
12.7
12.2
11.9
11.9
11.9
12.4
11.9
11.7
12.0
15.6
12.1
13.4
12.0
11.9
12.5
12.6
12.1
12.2
12.0
12.8
12.5
12.3
12.2
12.1
12.3
21.8
12.6
12.2
12.1
12.9
11.7
12.5
12.5
11.8
12.2
13.0
12.3
12.0
11.5
11.7
11.9
12.5
19.0
11.9
12.2
13.2
12.4
12.4
11.9
13.1
11.8
12.3
11.5
12.0
12.3
12.6
12.1
14.9
12.1
11.9
11.9
12.7
11.7
11.6
19.7
11.7
11.9
12.2
12.0
12.5
12.2
12.0
12.9
12.4
13.6
12.6
18.6
11.7
13.0
12.1
12.5
11.8
11.8
12.3
12.7
12.4
12.2
12.1
13.6
11.7
12.0
13.1
12.4
11.8
12.2
12.5
13.3
12.0
20.8
12.3
12.2
16.9
13.0
12.5
15.1
12.4
12.4
12.0
12.3
12.5
11.7
12.6
12.1
11.8
12.2
12.3
12.4
12.5
12.3
11.8
12.0
19.8
19.7
12.3
12.1
11.9
11.9
12.4
14.2
11.9
11.7
12.5
14.0
11.9
12.4
12.7
12.8
11.9
12.3
13.7
12.4
14.1
11.9
11.6
11.9
11.7
13.1
11.8
12.1
12.7
12.4
12.1
13.1
19.3
17.2
13.2
13.1
11.9
12.7
12.2
14.9
12.0
11.7
12.3
11.9
12.7
23.4
12.1
12.4
12.3
12.6
14.3
11.9
12.1
12.2
12.9
19.4
12.3
11.9
12.3
12.2
12.0
12.2
12.4
13.6
12.0
12.4
12.2
12.3
12.6
11.5
12.0
12.2
11.8
12.3
11.8
12.0
12.2
12.5
11.9
12.2
12.3
11.7
12.0
12.7
20.5
12.1
12.2
12.1
12.2
19.6
12.8
11.9
13.4
11.9
11.9
11.8
12.1
11.9
12.4
11.9
12.6
12.0
13.1
11.9
12.1
12.0
12.7
16.8
14.8
12.1
12.1
12.0
12.8
12.4
12.4
13.4
12.3
11.8
19.6
12.4
12.5
12.4
12.7
12.4
13.4
19.0
12.3
13.3
14.0
19.5
12.1
13.8
17.6
12.6
12.0
19.8
12.7
12.6
12.3
11.8
12.6
12.3
12.1
11.7
13.0
15.7
12.1
12.0
12.1
11.9
12.1
11.9
12.4
15.5
12.1
12.1
11.8
12.2
12.4
16.3
12.3
12.9
12.4
12.7
12.1
12.3
12.1
12.4
12.2
12.8
13.1
12.1
12.4
13.0
12.0
12.6
11.9
12.6
12.2
12.5
12.3
12.2
14.2
12.2
12.1
12.0
12.3
11.8
12.0
12.7
12.3
11.8
13.2
12.1
12.4
14.1
19.6
12.1
12.3
12.1
12.6
13.0
12.3
12.2
11.7
20.5
12.5
12.8
11.9
12.5
15.1
11.8
12.0
11.9
16.1
13.4
12.1
12.1
13.2
11.7
12.1
12.0
12.1
12.5
15.3
11.8
12.0
11.8
12.2
11.7
12.5
11.8
11.8
12.0
12.1
12.2
11.5
11.7
12.2
12.3
12.5
12.1
12.2
17.2
12.9
11.6
12.6
13.1
12.2
12.4
28.5
13.3
20.2
11.8
12.9
17.2
12.4
12.3
12.3
12.6
11.9
12.4
11.7
15.5
12.6
12.3
13.8
13.4
12.0
14.3
11.8
12.2
12.3
12.4
14.8
12.9
11.9
12.6
12.2
11.8
12.0
12.0
12.0
16.3
19.1
12.2
12.1
12.1
12.6
13.2
12.4
11.7
12.7
12.1
14.6
12.9
12.1
12.6
12.2
12.7
12.8
12.3
11.8
11.8
13.0
11.8
12.3
12.5
19.8
14.7
12.4
13.2
12.6
12.6
14.5
11.9
12.3
11.7
12.0
13.6
12.2
12.4
12.5
12.8
13.6
12.2
11.6
12.6
12.1
17.6
11.8
11.8
11.7
13.3
12.5
12.1
11.8
12.1
15.4
12.6
11.8
11.8
11.7
12.2
12.0
12.4
12.7
18.1
12.3
22.9
31.7
12.0
11.9
12.3
12.3
12.3
11.9
13.0
12.2
13.4
12.2
12.1
11.9
12.0
11.7
12.2
11.9
11.9
12.3
11.8
12.0
11.8
12.3
11.8
12.0
12.4
13.0
11.9
14.3
12.4
12.2
12.6
12.5
12.4
12.4
11.6
20.1
13.3
12.5
12.3
12.6
12.3
17.6
12.1
15.0
13.4
12.8
12.2
11.9
12.2
11.8
12.3
12.8
11.8
11.7
12.4
12.1
12.3
13.8
12.2
12.8
15.4
12.1
11.9
13.1
12.5
12.1
12.1
12.1
12.1
12.3
12.8
16.8
11.7
12.3
12.0
12.4
11.9
12.6
12.9
11.6
11.6
12.2
12.1
12.4
23.2
11.3
12.1
28.4
11.6
12.0
12.3
11.8
12.3
12.1
12.5
12.5
12.4
12.5
12.4
13.0
12.6
11.9
11.9
12.7
12.5
14.5
12.0
11.6
17.5
12.3
12.0
11.9
12.7
12.0
12.3
12.0
12.6
14.4
12.5
12.5
12.7
12.4
11.9
12.8
15.9
12.2
12.4
14.3
12.0
19.7
12.7
13.2
12.3
14.2
12.2
12.9
12.7
20.0
11.9
12.4
11.6
12.0
12.5
12.2
13.2
12.3
27.3
12.6
