338.5
362.0
361.9
365.4
390.1
346.0
344.2
369.2
380.1
350.5
358.9
367.0
379.7
343.3
349.8
354.1
369.4
376.7
349.8
358.5
369.9
377.4
347.2
358.9
368.4
378.1
344.8
359.7
369.1
382.5
351.7
355.6
362.9
377.9
355.6
354.3
355.6
368.4
378.2
342.6
350.2
362.5
365.5
382.0
344.5
362.0
363.5
378.5
350.0
348.0
356.8
363.3
380.2
350.5
353.2
362.7
375.6
344.9
343.8
353.3
259.5
29.8
26.9
26.4
62.0
131.8
287.8
370.8
363.8
365.9
385.1
351.9
355.6
371.7
382.0
353.6
356.6
368.4
387.2
360.2
353.1
367.6
374.7
390.2
356.7
376.6
382.8
369.5
366.5
374.1
391.1
354.2
363.3
376.6
389.6
359.9
374.0
385.7
353.1
359.0
378.2
383.0
347.2
361.8
378.0
383.7
356.4
367.2
381.4
382.7
366.7
386.3
359.2
360.9
372.9
388.1
357.1
366.6
349.3
360.8
375.7
355.9
373.2
384.6
362.3
357.3
367.8
390.4
356.6
361.0
374.9
389.3
357.3
367.4
382.6
373.5
357.1
368.1
380.9
379.8
352.7
365.2
380.7
380.1
361.4
163.4
21.2
20.0
52.3
137.9
308.2
422.7
358.2
375.5
392.9
354.3
354.5
371.6
394.9
347.4
362.9
373.3
388.2
353.9
363.6
376.3
397.1
351.9
366.4
385.4
381.5
348.0
376.2
374.4
387.6
352.1
366.5
371.1
392.3
355.1
366.6
379.8
391.3
358.8
371.1
387.8
346.6
360.1
374.2
387.4
365.1
360.5
366.3
385.5
372.9
358.4
365.0
396.7
351.0
356.3
372.8
377.7
318.4
379.9
355.7
358.7
379.4
390.4
359.2
371.0
385.2
362.8
360.1
372.3
376.1
363.0
359.3
366.1
383.0
358.7
354.3
364.2
383.2
389.5
357.8
373.7
384.5
374.3
345.8
358.4
378.9
391.5
351.1
367.7
381.8
399.4
359.6
366.1
390.3
370.8
358.4
373.2
388.0
355.6
360.6
374.2
396.2
351.5
365.4
372.1
384.6
356.2
358.6
393.2
359.0
361.6
372.4
389.6
357.4
356.7
366.3
382.6
384.9
359.0
372.1
386.0
360.2
353.2
373.0
391.0
351.5
356.7
363.4
378.6
388.3
356.0
372.0
387.9
345.5
356.8
366.9
407.7
13.6
12.6
12.4
15.1
13.0
12.1
12.7
12.1
12.2
12.2
12.1
12.6
12.6
13.5
12.9
12.0
12.2
12.2
13.4
15.5
14.3
12.6
14.1
12.5
12.5
12.6
12.2
15.1
12.3
11.8
13.4
12.5
42.3
66.4
72.3
81.2
86.4
91.4
94.9
103.6
111.2
116.0
119.9
128.3
134.4
141.2
149.7
158.8
171.3
180.4
185.4
199.6
210.4
222.3
232.3
243.9
256.1
268.2
288.2
298.9
316.1
333.4
336.3
344.7
338.8
335.9
336.5
336.2
336.8
342.2
338.8
337.0
338.6
338.5
341.5
343.6
343.2
343.3
341.4
342.8
339.9
340.5
344.8
355.8
340.1
344.0
341.8
339.0
340.4
342.0
396.6
344.3
342.5
345.5
179.8
12.7
18.6
12.8
20.9
12.6
12.3
20.7
100.3
330.8
386.2
427.3
340.3
422.3
397.5
423.4
393.5
424.1
393.8
423.3
405.4
426.4
389.3
428.9
398.5
425.1
404.2
425.8
403.9
426.6
398.6
423.7
393.7
367.7
42.9
40.9
87.6
265.6
422.0
397.8
422.2
406.8
425.1
395.4
427.6
395.7
424.2
392.1
423.1
392.6
425.0
413.1
425.6
400.5
424.3
397.3
423.5
404.7
423.9
409.6
426.1
321.1
38.6
14.5
14.0
21.3
58.6
181.5
412.9
424.6
396.0
427.2
393.1
422.4
393.0
424.8
399.3
423.2
400.4
423.0
414.2
427.1
400.7
342.6
422.8
408.3
424.5
407.9
423.8
402.6
421.9
396.6
426.4
384.8
422.9
393.2
422.2
389.4
423.3
392.8
422.6
411.5
426.9
384.1
423.6
394.6
427.5
400.0
424.3
381.8
426.3
396.1
425.1
394.3
426.6
394.3
427.6
397.1
341.8
423.8
418.0
422.9
405.2
427.6
393.3
348.6
423.2
381.3
424.7
416.2
425.5
413.8
421.3
391.7
425.9
394.8
427.5
392.8
423.4
389.2
139.9
104.4
278.9
436.1
419.5
437.6
403.2
423.8
404.4
423.3
426.2
427.3
387.5
422.5
398.6
427.4
388.3
424.0
399.5
426.0
402.3
422.0
390.8
339.8
424.0
402.8
427.7
387.0
424.6
406.2
421.9
393.5
425.3
409.4
422.6
404.5
421.7
398.2
427.1
384.1
428.4
398.8
425.3
400.7
421.8
409.3
423.6
396.4
426.2
347.9
387.0
422.2
395.9
427.2
384.5
425.4
404.9
422.3
395.5
423.9
404.2
421.7
403.5
459.2
400.4
424.2
389.5
426.6
386.1
462.9
438.0
439.3
428.9
447.0
444.4
423.0
400.9
425.0
424.5
358.0
425.9
385.6
427.5
398.5
424.8
402.1
423.2
394.8
421.9
390.5
426.6
400.4
422.6
401.8
423.5
390.4
437.3
420.3
434.1
377.6
424.2
408.1
437.8
405.2
431.8
405.6
430.4
236.2
40.6
11.9
12.6
12.1
15.9
12.7
13.2
12.4
13.1
12.7
12.4
13.0
14.6
12.7
13.7
12.9
11.9
12.7
18.2
14.8
18.6
16.7
19.2
17.3
14.7
14.2
16.2
16.6
28.8
22.6
27.5
26.5
31.8
36.7
36.0
36.9
45.7
44.1
49.0
54.0
58.0
60.3
66.5
68.5
71.6
77.5
82.3
89.5
94.9
103.0
107.0
115.4
119.0
128.1
132.9
141.1
152.1
160.9
169.2
179.0
188.4
197.9
210.4
221.1
230.7
242.3
257.5
278.8
286.2
298.2
314.5
335.1
342.7
348.3
343.6
346.3
350.3
363.9
372.1
349.7
349.3
341.0
366.0
374.2
339.8
349.1
362.2
365.6
369.7
352.6
358.5
363.5
369.7
350.9
352.2
356.2
68.0
169.2
268.3
276.3
286.0
294.8
298.6
309.9
317.4
322.6
330.1
335.3
339.0
317.4
80.1
15.6
16.7
28.5
28.2
36.4
42.8
44.4
108.4
243.7
251.0
253.6
256.4
260.0
264.3
269.4
271.6
272.0
274.6
275.7
280.0
284.2
283.6
289.3
289.8
288.3
294.1
293.3
295.5
294.4
297.9
295.0
297.9
243.2
135.4
208.1
210.8
215.0
219.9
226.3
223.7
228.2
233.9
231.5
233.1
235.3
242.1
240.3
244.5
244.7
247.1
246.1
247.4
248.3
250.7
251.6
248.3
251.5
249.9
251.7
251.0
251.6
251.7
93.4
108.4
176.8
178.8
182.0
188.0
200.7
193.4
155.3
127.8
138.5
144.8
146.4
145.9
148.3
151.3
161.0
148.6
153.5
152.9
158.2
155.0
157.1
160.4
151.7
104.1
110.4
112.1
87.1
104.1
114.9
114.7
121.7
118.0
122.4
121.7
126.4
128.0
126.2
128.9
125.1
127.0
128.6
132.0
133.0
128.8
131.3
134.3
112.7
87.5
90.8
94.2
93.4
98.0
101.6
104.1
103.1
98.9
99.5
104.2
104.5
108.2
105.4
107.5
103.5
105.2
107.4
106.4
110.7
110.2
111.6
108.6
110.5
111.2
113.5
111.9
110.5
106.9
111.6
114.9
112.4
113.9
117.1
111.7
111.3
109.9
114.2
113.6
112.5
113.9
112.9
113.1
112.4
113.1
115.5
115.0
110.9
109.3
111.1
114.0
115.8
114.7
112.7
111.0
109.9
111.8
115.5
111.9
112.2
110.7
116.1
111.1
113.6
110.9
111.0
110.6
111.6
110.2
111.2
115.7
111.5
111.7
115.9
117.9
112.8
111.1
119.5
115.9
116.4
118.8
119.4
121.2
122.1
120.9
122.5
119.8
120.3
123.2
123.7
124.5
126.5
129.4
127.4
128.7
130.7
128.5
134.2
137.9
135.3
142.0
139.5
141.2
144.8
146.5
149.2
150.6
152.6
159.5
161.8
163.9
164.9
170.2
172.2
180.6
183.9
184.7
191.0
188.0
198.9
203.5
208.7
216.0
224.3
230.6
239.6
250.1
254.0
264.1
273.9
242.9
106.3
200.9
201.9
174.0
137.3
147.1
147.2
147.6
150.4
151.6
157.7
156.5
161.0
157.7
157.7
164.4
162.0
163.1
168.0
163.8
170.0
168.1
167.8
