114.7
83.3
102.4
104.7
85.5
93.9
77.2
120.4
89.8
75.4
129.4
123.6
103.6
117.5
83.4
146.8
84.6
74.5
58.4
72.1
104.1
125.5
100.9
83.1
134.6
111.9
127.1
76.4
77.6
67.8
125.7
75.0
122.2
78.4
108.7
96.1
105.7
78.6
90.4
83.6
137.8
88.9
75.5
91.3
70.2
89.7
93.3
85.8
77.2
81.1
125.1
83.5
123.9
79.1
122.2
129.8
102.4
79.7
82.8
100.6
78.5
89.9
84.9
95.5
106.5
95.5
91.6
123.1
103.2
108.1
119.2
84.0
104.4
101.3
119.1
95.1
122.1
130.0
105.9
92.4
127.6
159.3
74.8
121.4
96.2
74.7
76.5
110.4
68.9
80.4
84.9
78.3
133.0
112.5
91.6
114.4
59.2
85.4
90.9
127.6
116.5
88.4
71.6
100.1
95.6
132.7
92.7
81.5
73.5
78.1
77.8
124.2
103.1
133.5
127.8
72.1
80.1
88.2
68.2
71.5
115.2
99.4
78.1
117.3
88.4
74.0
84.3
96.7
62.7
87.4
85.0
78.9
84.0
100.3
79.0
86.2
86.5
115.4
126.1
100.0
146.0
89.9
80.1
81.4
69.3
128.4
100.3
122.3
118.2
74.3
78.2
95.9
102.8
70.6
88.3
84.2
92.7
84.3
84.5
70.9
70.7
96.0
89.7
154.0
78.7
84.1
80.5
74.3
135.5
104.2
75.1
95.2
81.4
98.8
76.7
152.7
82.4
99.5
86.1
104.4
90.5
80.7
115.6
113.0
78.0
72.8
74.5
94.8
83.4
84.0
140.9
80.1
102.8
98.2
93.7
111.4
157.7
143.5
119.2
78.4
77.8
90.7
83.7
93.4
75.4
86.7
96.7
114.6
81.5
72.6
85.7
85.5
113.4
74.5
82.3
91.9
96.8
78.5
94.2
74.4
83.7
99.3
94.0
87.6
73.1
105.5
83.4
78.6
101.8
85.6
79.3
95.3
86.9
93.9
85.7
91.2
95.7
74.1
76.0
95.3
81.3
81.6
96.5
86.5
79.7
104.8
90.4
96.0
82.0
72.2
105.7
93.8
78.3
94.3
78.6
130.1
110.1
88.1
82.2
95.1
88.1
93.1
110.0
89.0
111.4
112.7
90.2
149.9
80.6
74.7
84.6
80.2
85.9
97.8
77.0
78.6
101.5
93.4
73.2
76.7
87.7
82.7
77.9
86.0
77.8
74.5
96.8
83.7
67.4
81.9
96.9
83.3
89.0
89.9
88.4
67.2
85.5
74.5
78.8
98.3
78.7
113.4
85.0
83.2
100.9
84.9
60.8
120.8
75.8
93.9
92.2
85.3
88.6
82.4
88.7
90.6
88.8
84.0
99.1
104.5
92.5
93.0
120.6
100.8
106.6
82.8
67.0
82.1
102.5
93.2
88.5
97.8
97.8
76.3
87.3
82.2
89.1
88.5
105.7
99.2
111.7
99.2
72.1
80.0
102.0
112.2
116.9
81.2
108.6
84.0
72.9
74.1
107.3
65.7
73.1
81.7
83.2
111.9
91.6
99.8
88.1
75.7
90.4
90.3
68.5
74.0
79.9
100.4
107.6
75.6
72.6
79.3
91.3
101.8
90.8
79.9
88.6
66.4
132.6
83.6
81.2
100.9
90.6
80.0
94.3
105.2
80.0
110.2
73.3
82.5
93.5
92.6
79.3
91.0
81.9
109.9
94.7
84.0
94.2
84.9
85.4
94.2
80.2
70.0
75.6
76.5
89.4
82.8
87.8
77.1
75.6
116.9
83.8
69.9
110.0
93.7
83.7
79.4
86.4
99.0
76.3
86.5
82.7
86.4
94.2
66.6
81.5
88.2
73.7
118.3
106.1
96.1
83.1
93.7
90.0
93.6
75.0
78.1
86.0
87.9
83.7
78.6
81.5
84.3
63.7
70.4
73.1
79.1
95.0
74.9
75.1
63.4
65.7
83.2
83.0
90.8
112.5
71.4
79.2
80.5
95.5
74.4
82.6
96.2
90.4
84.6
72.4
70.5
69.1
85.0
74.9
91.5
106.3
82.8
108.2
85.5
88.3
101.6
94.6
96.8
86.6
78.3
78.4
132.8
81.7
70.3
88.4
80.2
76.1
79.4
87.7
79.0
79.9
84.4
69.0
88.0
86.1
78.2
80.5
94.0
78.2
139.7
85.6
97.7
94.1
87.2
93.9
78.7
91.0
119.9
86.4
78.0
104.7
79.7
78.1
80.2
82.8
81.4
91.4
107.2
80.5
82.6
80.0
82.9
88.3
80.8
91.4
98.3
95.4
89.8
68.8
79.7
66.1
69.6
71.5
65.5
73.1
88.8
87.4
89.1
79.9
93.4
81.2
78.2
63.1
67.8
102.2
79.8
81.3
138.6
91.9
67.5
81.9
98.6
103.5
76.1
82.8
71.4
90.7
78.2
104.1
67.4
90.7
88.0
93.6
93.1
78.1
86.1
70.3
65.8
67.4
85.4
113.3
95.2
82.2
74.5
73.2
88.1
84.3
92.5
76.7
83.1
69.6
93.9
85.6
69.0
95.9
81.2
71.4
92.5
90.0
97.8
83.4
94.8
73.0
89.3
72.2
79.4
102.2
95.0
87.9
75.0
82.0
98.7
71.6
98.0
78.0
87.8
80.3
74.5
105.5
93.1
116.6
124.4
72.7
80.1
76.8
106.3
79.1
67.7
98.6
74.5
71.7
105.5
90.4
73.1
75.4
86.6
79.5
73.4
110.6
95.4
79.2
81.5
78.8
69.3
71.1
68.1
87.1
97.9
83.1
74.0
91.3
82.3
88.1
83.4
81.9
76.0
84.5
84.1
84.7
93.0
97.7
86.6
80.0
88.7
89.4
97.1
97.2
100.3
91.7
92.9
79.5
80.1
87.9
94.3
102.3
79.6
73.3
103.5
69.7
88.2
77.4
80.3
76.5
83.7
72.6
89.5
89.2
81.2
86.1
93.8
96.1
88.3
99.2
90.9
82.6
86.9
75.8
80.1
86.7
79.8
88.9
85.7
78.0
70.5
82.3
96.6
79.4
96.2
116.3
96.8
100.9
93.3
88.9
73.3
97.6
70.7
77.9
79.1
73.4
93.3
80.4
80.2
75.8
82.6
94.0
97.8
89.2
83.9
118.1
75.4
79.5
76.4
78.4
114.0
85.9
73.8
92.3
81.4
95.6
79.0
93.7
95.7
77.8
26.2
86.3
75.4
89.4
70.4
95.4
76.0
75.8
99.9
87.1
87.9
77.9
81.8
70.3
85.2
74.4
91.1
80.1
104.9
93.0
73.9
93.9
76.5
84.5
79.7
81.8
109.9
68.6
82.9
76.4
80.6
105.5
68.7
65.4
105.9
85.2
104.4
73.1
85.2
85.1
98.5
96.4
103.4
93.3
88.9
80.9
98.0
71.7
112.2
91.0
85.6
88.9
74.0
90.7
119.4
98.1
73.9
79.3
83.6
83.3
81.6
92.2
75.0
66.6
78.6
88.1
93.6
69.2
107.3
102.0
74.5
104.2
62.2
79.9
70.6
106.7
102.5
81.1
83.3
90.3
72.8
89.5
78.5
98.3
84.9
68.6
73.6
83.5
68.2
83.1
95.2
88.7
81.5
84.4
83.6
71.5
84.0
76.0
75.1
75.0
96.9
101.5
83.9
73.1
87.3
94.2
86.1
87.2
79.0
82.2
79.0
82.3
90.8
97.7
70.2
73.5
68.7
90.2
71.0
65.4
92.8
94.6
109.4
86.8
99.0
83.9
91.1
89.1
83.9
99.4
76.7
69.5
117.6
76.8
71.9
86.9
72.0
84.7
77.8
98.9
78.5
91.2
79.3
83.8
70.8
80.2
99.4
75.7
66.9
77.5
108.1
123.6
85.6
84.0
82.0
91.0
72.6
70.6
74.9
93.1
93.8
76.7
72.7
94.6
111.7
79.6
70.9
88.6
93.0
84.6
100.6
91.4
94.6
67.2
87.2
127.0
89.9
111.3
90.9
83.0
88.9
88.3
85.1
101.6
81.0
79.0
89.2
86.1
99.1
75.4
101.7
82.2
89.5
82.2
71.6
92.4
95.3
94.6
73.0
79.2
90.2
95.0
78.7
85.1
71.5
98.7
109.6
110.5
96.2
75.8
79.6
100.2
71.2
81.6
95.3
84.5
89.6
96.2
90.7
77.4
78.1
89.5
101.2
94.8
81.1
98.0
93.0
94.6
83.5
88.2
96.5
75.4
76.5
90.3
95.9
97.5
79.2
81.6
80.4
74.5
88.1
82.2
85.4
80.9
78.0
161.8
112.8
83.1
80.7
81.2
85.0
102.5
82.5
71.6
72.1
71.0
71.6
73.8
113.2
93.9
91.7
76.1
74.1
105.3
84.3
